0 -0.0 1.0
0 0.69314718056 0.0
0 0.636514168295 0.333333333333
0 0.562335144619 0.5
0 0.69314718056 0.333333333333
0 0.500402423538 0.6
0 0.673011667009 0.4
0 0.450561208866 0.666666666667
0 0.636514168295 0.466666666667
0 0.69314718056 0.4
0 0.410116318288 0.714285714286
0 0.598269588585 0.52380952381
0 0.6829081047 0.428571428571
0 0.376770161256 0.75
0 0.562335144619 0.571428571429
0 0.661563238158 0.464285714286
0 0.69314718056 0.428571428571
0 0.348832095843 0.777777777778
0 0.529706199058 0.611111111111
0 0.636514168295 0.5
0 0.686961576597 0.444444444444
0 0.325082973391 0.8
0 0.500402423538 0.644444444444
0 0.610864302055 0.533333333333
0 0.673011667009 0.466666666667
0 0.69314718056 0.444444444444
0 0.304636097349 0.818181818182
0 0.474139313058 0.672727272727
0 0.585952618304 0.563636363636
0 0.655481773901 0.490909090909
0 0.689009238477 0.454545454545
0 0.286835983056 0.833333333333
0 0.450561208866 0.69696969697
0 0.562335144619 0.590909090909
0 0.636514168295 0.515151515152
0 0.679193265992 0.469696969697
0 0.69314718056 0.454545454545
0 0.271189373042 0.846153846154
0 0.429323021931 0.717948717949
0 0.540204142389 0.615384615385
0 0.61724176973 0.538461538462
0 0.666278442415 0.487179487179
0 0.690185676019 0.461538461538
0 0.257318640544 0.857142857143
0 0.410116318288 0.736263736264
0 0.519579839131 0.637362637363
0 0.598269588585 0.56043956044
0 0.651756561173 0.505494505495
0 0.6829081047 0.472527472527
0 0.69314718056 0.461538461538
0 0.244930026795 0.866666666667
0 0.392674467228 0.752380952381
0 0.500402423538 0.657142857143
0 0.579915171418 0.580952380952
0 0.636514168295 0.52380952381
0 0.673011667009 0.485714285714
0 0.690923309314 0.466666666667
0 0.233791658706 0.875
0 0.376770161256 0.766666666667
0 0.482577565177 0.675
0 0.562335144619 0.6
0 0.621086374555 0.541666666667
0 0.661563238158 0.5
0 0.685314207276 0.475
0 0.69314718056 0.466666666667
0 0.223718076066 0.882352941176
0 0.362210557135 0.779411764706
0 0.465999256961 0.691176470588
0 0.545594573969 0.617647058824
0 0.605797499372 0.558823529412
0 0.649248354871 0.514705882353
0 0.677494404449 0.485294117647
0 0.691416077617 0.470588235294
1 1.09861228867 0.0
1 1.03972077084 0.166666666667
1 0.950270539233 0.3
1 1.05492016799 0.2
1 0.867563228481 0.4
1 1.01140426471 0.266666666667
1 1.01140426471 0.266666666667
1 1.09861228867 0.2
1 0.796311640174 0.47619047619
1 0.955699891113 0.333333333333
1 1.00424247305 0.285714285714
1 1.07899220788 0.238095238095
1 0.796311640174 0.47619047619
1 0.735621939759 0.535714285714
1 0.900256051269 0.392857142857
1 0.974314752869 0.321428571429
1 1.03972077084 0.285714285714
1 1.08219553004 0.25
1 1.08219553004 0.25
1 0.683738905849 0.583333333333
1 0.848685557726 0.444444444444
1 0.936888307539 0.361111111111
1 0.99502699018 0.333333333333
1 0.936888307539 0.361111111111
1 0.964962923007 0.333333333333
1 1.06085694716 0.277777777778
1 1.09861228867 0.25
1 0.63903185965 0.622222222222
1 0.801818552543 0.488888888889
1 0.801818552543 0.488888888889
1 0.897945724857 0.4
1 0.950270539233 0.377777777778
1 0.897945724857 0.4
1 0.943348392329 0.355555555556
1 1.02965301406 0.311111111111
1 0.943348392329 0.355555555556
1 1.05492016799 0.288888888889
1 1.08889997535 0.266666666667
1 0.943348392329 0.355555555556
1 0.60016607316 0.654545454545
1 0.759547391475 0.527272727273
1 0.859967281036 0.436363636364
1 0.907535294105 0.418181818182
1 0.916464885539 0.381818181818
1 0.994923632572 0.345454545455
1 0.994923632572 0.345454545455
1 0.934769897858 0.363636363636
1 1.03619878482 0.309090909091
1 1.06708951878 0.290909090909
1 0.934769897858 0.363636363636
1 1.09005965871 0.272727272727
1 0.907535294105 0.418181818182
1 0.56608573896 0.681818181818
1 0.721463686693 0.560606060606
1 0.823959216501 0.469696969697
1 0.867563228481 0.454545454545
1 0.887694275799 0.409090909091
1 0.959614793912 0.378787878788
1 0.918427784993 0.378787878788
1 1.01140426471 0.333333333333
1 1.03972077084 0.318181818182
1 1.01140426471 0.333333333333
1 0.918427784993 0.378787878788
1 1.02818385933 0.318181818182
1 1.07755632707 0.287878787879
1 1.07755632707 0.287878787879
1 0.918427784993 0.378787878788
1 1.09861228867 0.272727272727
1 0.721463686693 0.560606060606
1 0.535961049709 0.705128205128
1 0.68709202738 0.589743589744
1 0.790267968075 0.5
1 0.830517825287 0.487179487179
1 0.858740913006 0.435897435897
1 0.925129083572 0.410256410256
1 0.925129083572 0.410256410256
1 0.858740913006 0.435897435897
1 0.898137003188 0.397435897436
1 0.983961446001 0.358974358974
1 1.01009975935 0.346153846154
1 0.911017539713 0.384615384615
1 1.0123308391 0.333333333333
1 1.0579054247 0.307692307692
1 1.0123308391 0.333333333333
1 1.07339428128 0.294871794872
1 1.09283055353 0.282051282051
1 0.509137344083 0.725274725275
1 0.655975732337 0.615384615385
1 0.758936772762 0.527472527473
1 0.796311640174 0.516483516484
1 0.758936772762 0.527472527473
1 0.830471712436 0.461538461538
1 0.892117870819 0.43956043956
1 0.892117870819 0.43956043956
1 0.876005765643 0.417582417582
1 0.955699891113 0.384615384615
1 0.979971182083 0.373626373626
1 0.898205339704 0.395604395604
1 0.992281974853 0.351648351648
1 1.03460123291 0.32967032967
1 1.03460123291 0.32967032967
1 0.992281974853 0.351648351648
1 1.00424247305 0.340659340659
1 1.06094424079 0.307692307692
1 1.07899220788 0.296703296703
1 1.09337471756 0.285714285714
1 1.09337471756 0.285714285714
1 0.992281974853 0.351648351648
1 0.979971182083 0.373626373626
1 0.796311640174 0.516483516484
1 0.485094091302 0.742857142857
1 0.627705257197 0.638095238095
1 0.729871209983 0.552380952381
1 0.764754419567 0.542857142857
1 0.729871209983 0.552380952381
1 0.803314976141 0.485714285714
1 0.860851390631 0.466666666667
1 0.853236150556 0.438095238095
1 0.927617334327 0.409523809524
1 0.950270539233 0.4
1 0.882310924515 0.409523809524
1 0.970115783987 0.371428571429
1 1.00961375817 0.352380952381
1 1.00961375817 0.352380952381
1 0.882310924515 0.409523809524
1 0.891867395317 0.4
1 0.990835386444 0.352380952381
1 1.04375703633 0.32380952381
1 1.06060180561 0.314285714286
1 1.04375703633 0.32380952381
1 0.990835386444 0.352380952381
1 0.891867395317 0.4
1 1.05492016799 0.314285714286
1 1.08518861297 0.295238095238
1 0.990835386444 0.352380952381
1 1.09861228867 0.285714285714
1 0.463413558826 0.758333333333
1 0.601923971732 0.658333333333
1 0.601923971732 0.658333333333
1 0.702918930774 0.575
1 0.735621939759 0.566666666667
1 0.777462131911 0.508333333333
1 0.831402520496 0.491666666667
1 0.777462131911 0.508333333333
1 0.830523691483 0.458333333333
1 0.900256051269 0.433333333333
1 0.921493430868 0.425
1 0.830523691483 0.458333333333
1 0.864740096528 0.425
1 0.947057152283 0.391666666667
1 0.984086503083 0.375
1 0.947057152283 0.391666666667
1 0.881532261188 0.408333333333
1 0.974314752869 0.366666666667
1 1.02392879964 0.341666666667
1 1.03972077084 0.333333333333
1 0.881532261188 0.408333333333
1 0.983273944246 0.358333333333
1 1.04335342694 0.325
1 1.07173009411 0.308333333333
1 1.04335342694 0.325
1 1.08219553004 0.3
1 1.09478022601 0.291666666667
1 1.08219553004 0.3
1 0.984086503083 0.375
1 0.463413558826 0.758333333333
1 0.44375728426 0.772058823529
1 0.57832528666 0.676470588235
1 0.57832528666 0.676470588235
1 0.677908725644 0.595588235294
1 0.708688028219 0.588235294118
1 0.752974682766 0.529411764706
1 0.803742107316 0.514705882353
1 0.803742107316 0.514705882353
1 0.808269958 0.477941176471
1 0.873900414269 0.455882352941
1 0.893888536245 0.448529411765
1 0.846365829626 0.441176470588
1 0.923840705631 0.411764705882
1 0.958691859325 0.397058823529
1 0.868719682914 0.419117647059
1 0.956044380967 0.382352941176
1 1.0027399544 0.360294117647
1 1.01760298612 0.352941176471
1 0.876091893063 0.411764705882
1 0.971848771236 0.367647058824
1 1.02839416671 0.338235294118
1 1.05510161817 0.323529411765
1 1.05510161817 0.323529411765
1 0.971848771236 0.367647058824
1 1.03682634683 0.330882352941
1 1.07338362034 0.308823529412
1 1.08522804007 0.301470588235
1 1.09507786212 0.294117647059
1 1.01760298612 0.352941176471
1 0.873900414269 0.455882352941
1 0.752974682766 0.529411764706
1 0.677908725644 0.595588235294
1 0.44375728426 0.772058823529
2 1.38629436112 0.0
2 1.33217904021 0.1
2 1.24245332489 0.2
2 1.32966134885 0.133333333333
2 1.32966134885 0.133333333333
2 1.24245332489 0.2
2 1.1537419427 0.285714285714
2 1.27703425947 0.190476190476
2 1.35178399429 0.142857142857
2 1.1537419427 0.285714285714
2 1.07354284641 0.357142857143
2 1.21300756598 0.25
2 1.25548232518 0.214285714286
2 1.32088834315 0.178571428571
2 1.25548232518 0.214285714286
2 1.38629436112 0.142857142857
2 1.32088834315 0.178571428571
2 1.07354284641 0.357142857143
2 1.00271826452 0.416666666667
2 1.14905969697 0.305555555556
2 1.14905969697 0.305555555556
2 1.21488965395 0.25
2 1.27302833659 0.222222222222
2 1.27302833659 0.222222222222
2 1.21488965395 0.25
2 1.3107836781 0.194444444444
2 1.36892236074 0.166666666667
2 1.36892236074 0.166666666667
2 0.940447988655 0.466666666667
2 1.08889997535 0.355555555556
2 1.08889997535 0.355555555556
2 1.16828245018 0.288888888889
2 1.22060726455 0.266666666667
2 1.22060726455 0.266666666667
2 1.1935496041 0.266666666667
2 1.27985422583 0.222222222222
2 1.27985422583 0.222222222222
2 1.33217904021 0.2
2 1.1935496041 0.266666666667
2 1.31383403319 0.2
2 1.36615884757 0.177777777778
2 1.36615884757 0.177777777778
2 0.940447988655 0.466666666667
2 0.885574151577 0.509090909091
2 1.03356205421 0.4
2 1.12095039267 0.327272727273
2 1.16851840574 0.309090909091
2 1.12095039267 0.327272727273
2 1.16222554492 0.290909090909
2 1.24068429195 0.254545454545
2 1.24068429195 0.254545454545
2 1.28825230502 0.236363636364
2 1.26365443188 0.236363636364
2 1.29454516584 0.218181818182
2 1.34211317891 0.2
2 1.34211317891 0.2
2 1.26365443188 0.236363636364
2 1.37300391288 0.181818181818
2 1.37300391288 0.181818181818
2 1.28825230502 0.236363636364
2 0.836988216786 0.545454545455
2 0.983087758575 0.439393939394
2 1.07513932401 0.363636363636
2 1.11874333599 0.348484848485
2 1.07513932401 0.363636363636
2 1.1269287948 0.318181818182
2 1.19884931291 0.287878787879
2 1.19884931291 0.287878787879
2 1.24245332489 0.272727272727
2 1.14370838943 0.30303030303
2 1.23668486914 0.257575757576
2 1.23668486914 0.257575757576
2 1.26500137527 0.242424242424
2 1.30860538725 0.227272727273
2 1.30860538725 0.227272727273
2 1.26500137527 0.242424242424
2 1.28605733687 0.227272727273
2 1.32966134885 0.212121212121
2 1.35797785499 0.19696969697
2 1.32966134885 0.212121212121
2 1.35797785499 0.19696969697
2 1.38629436112 0.181818181818
2 1.24245332489 0.272727272727
2 0.983087758575 0.439393939394
2 1.14370838943 0.30303030303
2 0.793730055158 0.576923076923
2 0.937155853066 0.474358974359
2 0.937155853066 0.474358974359
2 1.03176711135 0.397435897436
2 1.07201696856 0.384615384615
2 1.07201696856 0.384615384615
2 1.09059947378 0.346153846154
2 1.15698764435 0.320512820513
2 1.19723750156 0.307692307692
2 1.09059947378 0.346153846154
2 1.11896886688 0.320512820513
2 1.20479330969 0.282051282051
2 1.20479330969 0.282051282051
2 1.23093162305 0.269230769231
2 1.27118148026 0.25641025641
2 1.23093162305 0.269230769231
2 1.22028216627 0.269230769231
2 1.22028216627 0.269230769231
2 1.26585675187 0.24358974359
2 1.30610660909 0.230769230769
2 1.33224492244 0.217948717949
2 1.33224492244 0.217948717949
2 1.28529302412 0.230769230769
2 1.35168119469 0.205128205128
2 1.37781950804 0.192307692308
2 1.37781950804 0.192307692308
2 0.793730055158 0.576923076923
2 0.754996758131 0.604395604396
2 0.895332665968 0.505494505495
2 0.991138896613 0.428571428571
2 1.02851376402 0.417582417582
2 1.05472091691 0.373626373626
2 1.11636707529 0.351648351648
2 1.1537419427 0.340659340659
2 1.11636707529 0.351648351648
2 1.05472091691 0.373626373626
2 1.09130300065 0.340659340659
2 1.17099712612 0.307692307692
2 1.19526841709 0.296703296703
2 1.2326432845 0.285714285714
2 1.19526841709 0.296703296703
2 1.2326432845 0.285714285714
2 1.10326349885 0.32967032967
2 1.197340134 0.285714285714
2 1.23965939205 0.263736263736
2 1.27703425947 0.252747252747
2 1.23965939205 0.263736263736
2 1.30130555044 0.241758241758
2 1.30130555044 0.241758241758
2 1.197340134 0.285714285714
2 1.25404190173 0.252747252747
2 1.29141676915 0.241758241758
2 1.25404190173 0.252747252747
2 1.27208986882 0.241758241758
2 1.3337360272 0.21978021978
2 1.3337360272 0.21978021978
2 1.35800731817 0.208791208791
2 1.29141676915 0.241758241758
2 1.27208986882 0.241758241758
2 1.35178399429 0.208791208791
2 1.37605528526 0.197802197802
2 1.37605528526 0.197802197802
2 1.35800731817 0.208791208791
2 1.1537419427 0.340659340659
2 0.720124881272 0.628571428571
2 0.857174043642 0.533333333333
2 0.857174043642 0.533333333333
2 0.953271014706 0.457142857143
2 0.98815422429 0.447619047619
2 0.953271014706 0.457142857143
2 1.0200369584 0.4
2 1.07757337289 0.380952380952
2 1.11245658248 0.371428571429
2 1.06253540806 0.361904761905
2 1.13691659183 0.333333333333
2 1.15956979674 0.32380952381
2 1.19445300632 0.314285714286
2 1.13691659183 0.333333333333
2 1.15956979674 0.32380952381
2 1.08325501052 0.342857142857
2 1.17105986999 0.304761904762
2 1.21055784418 0.285714285714
2 1.24544105376 0.27619047619
2 1.26809425867 0.266666666667
2 1.17105986999 0.304761904762
2 1.18222300165 0.295238095238
2 1.23514465153 0.266666666667
2 1.27002786112 0.257142857143
2 1.25198942081 0.257142857143
2 1.3095258353 0.238095238095
2 1.33217904021 0.228571428571
2 1.27002786112 0.257142857143
2 1.26541309651 0.247619047619
2 1.322949511 0.228571428571
2 1.33979428029 0.219047619048
2 1.36244748519 0.209523809524
2 1.33979428029 0.219047619048
2 1.322949511 0.228571428571
2 1.37929225447 0.2
2 1.3095258353 0.238095238095
2 1.36244748519 0.209523809524
2 1.26809425867 0.266666666667
2 1.11245658248 0.371428571429
2 0.688567369302 0.65
2 0.822265337329 0.558333333333
2 0.918045918066 0.483333333333
2 0.950748927051 0.475
2 0.918045918066 0.483333333333
2 0.986899448839 0.425
2 1.04083983742 0.408333333333
2 1.07354284641 0.4
2 1.03370054985 0.383333333333
2 1.10343290964 0.358333333333
2 1.12467028924 0.35
2 1.15737329822 0.341666666667
2 1.06095815044 0.358333333333
2 1.14327520619 0.325
2 1.18030455699 0.308333333333
2 1.21300756598 0.3
2 1.23424494558 0.291666666667
2 1.06991734182 0.35
2 1.1626998335 0.308333333333
2 1.21231388027 0.283333333333
2 1.24501688925 0.275
2 1.22810585147 0.275
2 1.28204624005 0.258333333333
2 1.30328361965 0.25
2 1.22277931619 0.275
2 1.25548232518 0.266666666667
2 1.25115598336 0.258333333333
2 1.30509637195 0.241666666667
2 1.32088834315 0.233333333333
2 1.34212572275 0.225
2 1.22277931619 0.275
2 1.30509637195 0.241666666667
2 1.25548232518 0.266666666667
2 1.26374067933 0.25
2 1.33347303912 0.225
2 1.35471041872 0.216666666667
2 1.33347303912 0.225
2 1.37050238992 0.208333333333
2 1.35471041872 0.216666666667
2 1.22810585147 0.275
2 1.38629436112 0.2
2 1.37050238992 0.208333333333
2 1.32088834315 0.233333333333
2 1.28204624005 0.258333333333
2 1.10343290964 0.358333333333
2 1.12467028924 0.35
2 1.30328361965 0.25
2 1.15737329822 0.341666666667
2 1.04083983742 0.408333333333
2 1.07354284641 0.4
2 0.688567369302 0.65
2 0.659872013785 0.669117647059
2 0.790234755343 0.580882352941
2 0.790234755343 0.580882352941
2 0.885288834441 0.507352941176
2 0.916068137015 0.5
2 0.916068137015 0.5
2 0.955447141394 0.448529411765
2 1.00621456594 0.433823529412
2 1.03699386852 0.426470588235
2 1.00621456594 0.433823529412
2 0.955447141394 0.448529411765
2 1.00538743276 0.404411764706
2 1.07101788902 0.382352941176
2 1.091006011 0.375
2 1.12178531357 0.367647058824
2 1.091006011 0.375
2 1.03759110809 0.375
2 1.1150659841 0.345588235294
2 1.14991713779 0.330882352941
2 1.18069644037 0.323529411765
2 1.14991713779 0.330882352941
2 1.20068456234 0.316176470588
2 1.1150659841 0.345588235294
2 1.05339549836 0.360294117647
2 1.14072019641 0.323529411765
2 1.18741576984 0.301470588235
2 1.21819507242 0.294117647059
2 1.18741576984 0.301470588235
2 1.20227880156 0.294117647059
2 1.25304622611 0.279411764706
2 1.25304622611 0.279411764706
2 1.20227880156 0.294117647059
2 1.27303434809 0.272058823529
2 1.21819507242 0.294117647059
2 1.05339549836 0.360294117647
2 1.14915237653 0.316176470588
2 1.20569777201 0.286764705882
2 1.23647707459 0.279411764706
2 1.23240522347 0.272058823529
2 1.28317264802 0.257352941176
2 1.29803567973 0.25
2 1.31802380171 0.242647058824
2 1.23240522347 0.272058823529
2 1.24225504551 0.264705882353
2 1.29302247006 0.25
2 1.25409946525 0.257352941176
2 1.31972992152 0.235294117647
2 1.33971804349 0.227941176471
2 1.25409946525 0.257352941176
2 1.35458107521 0.220588235294
2 1.24225504551 0.264705882353
2 1.33157434125 0.227941176471
2 1.36642549495 0.213235294118
2 1.38128852667 0.205882352941
2 1.38128852667 0.205882352941
2 1.35458107521 0.220588235294
2 1.29803567973 0.25
2 1.18069644037 0.323529411765
2 1.31972992152 0.235294117647
2 1.03699386852 0.426470588235
2 1.12178531357 0.367647058824
2 0.916068137015 0.5
2 0.659872013785 0.669117647059
3 1.60943791243 0.0
3 1.56071040904 0.0666666666667
3 1.47507631105 0.142857142857
3 1.54982604588 0.0952380952381
3 1.38629436112 0.214285714286
3 1.49417513829 0.142857142857
3 1.55958115626 0.107142857143
3 1.49417513829 0.142857142857
3 1.30309240376 0.277777777778
3 1.42706104338 0.194444444444
3 1.46481638489 0.166666666667
3 1.52295506753 0.138888888889
3 1.46481638489 0.166666666667
3 1.52295506753 0.138888888889
3 1.58109375017 0.111111111111
3 1.58109375017 0.111111111111
3 1.30309240376 0.277777777778
3 1.42706104338 0.194444444444
3 1.22752941146 0.333333333333
3 1.35923670067 0.244444444444
3 1.41848366195 0.2
3 1.47080847632 0.177777777778
3 1.47080847632 0.177777777778
3 1.50478828368 0.155555555556
3 1.55711309806 0.133333333333
3 1.41848366195 0.2
3 1.55711309806 0.133333333333
3 1.60943791243 0.111111111111
3 1.41848366195 0.2
3 1.35923670067 0.244444444444
3 1.15958881431 0.381818181818
3 1.29454516584 0.290909090909
3 1.36671105206 0.236363636364
3 1.41427906512 0.218181818182
3 1.38968119198 0.218181818182
3 1.46813993902 0.181818181818
3 1.51570795209 0.163636363636
3 1.46813993902 0.181818181818
3 1.51570795209 0.163636363636
3 1.49903067298 0.163636363636
3 1.54659868605 0.145454545455
3 1.54659868605 0.145454545455
3 1.59416669912 0.127272727273
3 1.59416669912 0.127272727273
3 1.15958881431 0.381818181818
3 1.09861228867 0.424242424242
3 1.23426786608 0.333333333333
3 1.23426786608 0.333333333333
3 1.23426786608 0.333333333333
3 1.31437384301 0.272727272727
3 1.35797785499 0.257575757576
3 1.35797785499 0.257575757576
3 1.35797785499 0.257575757576
3 1.35220939923 0.242424242424
3 1.42412991735 0.212121212121
3 1.46773392933 0.19696969697
3 1.46773392933 0.19696969697
3 1.42412991735 0.212121212121
3 1.44518587895 0.19696969697
3 1.47350238508 0.181818181818
3 1.51710639706 0.166666666667
3 1.51710639706 0.166666666667
3 1.44518587895 0.19696969697
3 1.51710639706 0.166666666667
3 1.56071040904 0.151515151515
3 1.35220939923 0.242424242424
3 1.54542290319 0.151515151515
3 1.54542290319 0.151515151515
3 1.58902691517 0.136363636364
3 1.54542290319 0.151515151515
3 1.42412991735 0.212121212121
3 1.58902691517 0.136363636364
3 1.09861228867 0.424242424242
3 1.04379388084 0.461538461538
3 1.17865499634 0.371794871795
3 1.26362567212 0.307692307692
3 1.30387552934 0.294871794872
3 1.30387552934 0.294871794872
3 1.26362567212 0.307692307692
3 1.31143133747 0.269230769231
3 1.37781950804 0.24358974359
3 1.41806936525 0.230769230769
3 1.37781950804 0.24358974359
3 1.31143133747 0.269230769231
3 1.32692019405 0.25641025641
3 1.41274463686 0.217948717949
3 1.41274463686 0.217948717949
3 1.43888295022 0.205128205128
3 1.47913280743 0.192307692308
3 1.43888295022 0.205128205128
3 1.51938266464 0.179487179487
3 1.32692019405 0.25641025641
3 1.45831922246 0.192307692308
3 1.49856907968 0.179487179487
3 1.49856907968 0.179487179487
3 1.45831922246 0.192307692308
3 1.52470739303 0.166666666667
3 1.56495725024 0.153846153846
3 1.52470739303 0.166666666667
3 1.55084570638 0.153846153846
3 1.5910955636 0.141025641026
3 1.52470739303 0.166666666667
3 1.5910955636 0.141025641026
3 1.55084570638 0.153846153846
3 1.41806936525 0.230769230769
3 0.994353691762 0.494505494505
3 1.12753478982 0.406593406593
3 1.12753478982 0.406593406593
3 1.21538810108 0.340659340659
3 1.2527629685 0.32967032967
3 1.21538810108 0.340659340659
3 1.2527629685 0.32967032967
3 1.27001815191 0.296703296703
3 1.33166431029 0.274725274725
3 1.3690391777 0.263736263736
3 1.33166431029 0.274725274725
3 1.27001815191 0.296703296703
3 1.33166431029 0.274725274725
3 1.29636115979 0.274725274725
3 1.37605528526 0.241758241758
3 1.37605528526 0.241758241758
3 1.40032657623 0.230769230769
3 1.43770144364 0.21978021978
3 1.40032657623 0.230769230769
3 1.47507631105 0.208791208791
3 1.43770144364 0.21978021978
3 1.43770144364 0.21978021978
3 1.29636115979 0.274725274725
3 1.40032657623 0.230769230769
3 1.39043779494 0.230769230769
3 1.432757053 0.208791208791
3 1.47013192041 0.197802197802
3 1.432757053 0.208791208791
3 1.49440321138 0.186813186813
3 1.49440321138 0.186813186813
3 1.53177807879 0.175824175824
3 1.53177807879 0.175824175824
3 1.39043779494 0.230769230769
3 1.39043779494 0.230769230769
3 1.432757053 0.208791208791
3 1.47013192041 0.197802197802
3 1.45080502008 0.197802197802
3 1.51245117847 0.175824175824
3 1.51245117847 0.175824175824
3 1.54982604588 0.164835164835
3 1.45080502008 0.197802197802
3 1.51245117847 0.175824175824
3 1.53672246944 0.164835164835
3 1.57409733685 0.153846153846
3 1.53672246944 0.164835164835
3 1.57409733685 0.153846153846
3 1.47013192041 0.197802197802
3 1.53672246944 0.164835164835
3 1.59836862782 0.142857142857
3 1.59836862782 0.142857142857
3 1.49440321138 0.186813186813
3 1.3690391777 0.263736263736
3 0.994353691762 0.494505494505
3 1.29636115979 0.274725274725
3 0.949593667717 0.52380952381
3 1.08057384836 0.438095238095
3 1.16999299697 0.371428571429
3 1.20487620655 0.361904761905
3 1.22933621591 0.32380952381
3 1.2868726304 0.304761904762
3 1.2868726304 0.304761904762
3 1.32175583998 0.295238095238
3 1.32175583998 0.295238095238
3 1.26347949407 0.295238095238
3 1.33786067784 0.266666666667
3 1.36051388274 0.257142857143
3 1.39539709233 0.247619047619
3 1.43028030191 0.238095238095
3 1.27464262572 0.285714285714
3 1.36244748519 0.247619047619
3 1.40194545938 0.228571428571
3 1.43682866896 0.219047619048
3 1.45948187387 0.209523809524
3 1.49436508345 0.2
3 1.41536913508 0.219047619048
3 1.45025234466 0.209523809524
3 1.43221390436 0.209523809524
3 1.48975031885 0.190476190476
3 1.52463352843 0.180952380952
3 1.43221390436 0.209523809524
3 1.51240352376 0.180952380952
3 1.54728673334 0.171428571429
3 1.45025234466 0.209523809524
3 1.50659508813 0.180952380952
3 1.52924829304 0.171428571429
3 1.56413150262 0.161904761905
3 1.40194545938 0.228571428571
3 1.48975031885 0.190476190476
3 1.58678470753 0.152380952381
3 1.43682866896 0.219047619048
3 1.52463352843 0.180952380952
3 1.58678470753 0.152380952381
3 1.52924829304 0.171428571429
3 1.60943791243 0.142857142857
3 1.54728673334 0.171428571429
3 1.56413150262 0.161904761905
3 1.39539709233 0.247619047619
3 1.49436508345 0.2
3 1.45948187387 0.209523809524
3 1.51240352376 0.180952380952
3 1.52463352843 0.180952380952
3 1.43028030191 0.238095238095
3 0.908908734899 0.55
3 1.03739232462 0.466666666667
3 1.12748323499 0.4
3 1.16018624398 0.391666666667
3 1.19007630721 0.35
3 1.24401669579 0.333333333333
3 1.27671970478 0.325
3 1.22991860376 0.316666666667
3 1.29965096355 0.291666666667
3 1.32088834315 0.283333333333
3 1.35359135213 0.275
3 1.38629436112 0.266666666667
3 1.24934323107 0.3
3 1.33166028682 0.266666666667
3 1.36868963762 0.25
3 1.40139264661 0.241666666667
3 1.42263002621 0.233333333333
3 1.45533303519 0.225
3 1.33166028682 0.266666666667
3 1.24934323107 0.3
3 1.34212572275 0.258333333333
3 1.39173976952 0.233333333333
3 1.4244427785 0.225
3 1.40753174072 0.225
3 1.4614721293 0.208333333333
3 1.49417513829 0.2
3 1.4827095089 0.2
3 1.51541251789 0.191666666667
3 1.34212572275 0.258333333333
3 1.4244427785 0.225
3 1.42011643669 0.216666666667
3 1.47405682527 0.2
3 1.50675983426 0.191666666667
3 1.42011643669 0.216666666667
3 1.48984879647 0.191666666667
3 1.51108617607 0.183333333333
3 1.54378918506 0.175
3 1.47405682527 0.2
3 1.56502656466 0.166666666667
3 1.50675983426 0.191666666667
3 1.52687814727 0.175
3 1.55958115626 0.166666666667
3 1.58081853586 0.158333333333
3 1.36868963762 0.25
3 1.51108617607 0.183333333333
3 1.60205591546 0.15
3 1.4614721293 0.208333333333
3 1.54378918506 0.175
3 1.40139264661 0.241666666667
3 1.49417513829 0.2
3 1.19007630721 0.35
3 1.48984879647 0.191666666667
3 1.42263002621 0.233333333333
3 1.56502656466 0.166666666667
3 1.51541251789 0.191666666667
3 1.24401669579 0.333333333333
3 1.45533303519 0.225
3 1.27671970478 0.325
3 1.16018624398 0.391666666667
3 1.4244427785 0.225
3 1.22991860376 0.316666666667
3 1.12748323499 0.4
3 0.871781482468 0.573529411765
3 0.99761486414 0.492647058824
3 0.99761486414 0.492647058824
3 1.08776129307 0.426470588235
3 1.11854059564 0.419117647059
3 1.11854059564 0.419117647059
3 1.08776129307 0.426470588235
3 1.15256461615 0.375
3 1.2033320407 0.360294117647
3 1.2033320407 0.360294117647
3 1.23411134327 0.352941176471
3 1.19661271122 0.338235294118
3 1.26224316749 0.316176470588
3 1.26224316749 0.316176470588
3 1.28223128947 0.308823529412
3 1.31301059204 0.301470588235
3 1.28223128947 0.308823529412
3 1.34378989461 0.294117647059
3 1.19661271122 0.338235294118
3 1.22226692354 0.316176470588
3 1.29974179954 0.286764705882
3 1.29974179954 0.286764705882
3 1.33459295324 0.272058823529
3 1.36537225581 0.264705882353
3 1.36537225581 0.264705882353
3 1.38536037779 0.257352941176
3 1.41613968036 0.25
3 1.33459295324 0.272058823529
3 1.41613968036 0.25
3 1.22226692354 0.316176470588
3 1.23069910366 0.308823529412
3 1.31802380171 0.272058823529
3 1.31802380171 0.272058823529
3 1.36471937514 0.25
3 1.39549867772 0.242647058824
3 1.36471937514 0.25
3 1.37958240686 0.242647058824
3 1.43034983141 0.227941176471
3 1.46112913398 0.220588235294
3 1.37958240686 0.242647058824
3 1.45033795339 0.220588235294
3 1.48111725596 0.213235294118
3 1.45033795339 0.220588235294
3 1.43034983141 0.227941176471
3 1.37456919719 0.242647058824
3 1.40534849976 0.235294117647
3 1.37456919719 0.242647058824
3 1.40127664864 0.227941176471
3 1.45204407319 0.213235294118
3 1.48282337577 0.205882352941
3 1.40127664864 0.227941176471
3 1.46690710491 0.205882352941
3 1.48689522689 0.198529411765
3 1.51767452946 0.191176470588
3 1.53766265144 0.183823529412
3 1.48689522689 0.198529411765
3 1.45204407319 0.213235294118
3 1.41312106838 0.220588235294
3 1.47875152465 0.198529411765
3 1.49873964662 0.191176470588
3 1.5295189492 0.183823529412
3 1.41312106838 0.220588235294
3 1.51360267834 0.183823529412
3 1.54438198092 0.176470588235
3 1.56437010289 0.169117647059
3 1.47875152465 0.198529411765
3 1.58435822487 0.161764705882
3 1.49873964662 0.191176470588
3 1.52846571006 0.176470588235
3 1.57923313461 0.161764705882
3 1.51360267834 0.183823529412
3 1.59922125659 0.154411764706
3 1.46690710491 0.205882352941
3 1.54438198092 0.176470588235
3 1.52846571006 0.176470588235
3 1.57923313461 0.161764705882
3 1.46112913398 0.220588235294
3 1.51767452946 0.191176470588
3 1.47875152465 0.198529411765
3 1.56437010289 0.169117647059
3 1.31301059204 0.301470588235
3 1.23411134327 0.352941176471
3 1.34378989461 0.294117647059
3 1.48111725596 0.213235294118
3 1.48282337577 0.205882352941
3 1.5295189492 0.183823529412
3 0.871781482468 0.573529411765
3 0.99761486414 0.492647058824
4 1.79175946923 0.0
4 1.74786809747 0.047619047619
4 1.66746193343 0.107142857143
4 1.7328679514 0.0714285714286
4 1.66746193343 0.107142857143
4 1.58109375017 0.166666666667
4 1.67698777432 0.111111111111
4 1.67698777432 0.111111111111
4 1.73512645696 0.0833333333333
4 1.73512645696 0.0833333333333
4 1.58109375017 0.166666666667
4 1.67698777432 0.111111111111
4 1.73512645696 0.0833333333333
4 1.49786613678 0.222222222222
4 1.60943791243 0.155555555556
4 1.60943791243 0.155555555556
4 1.64341771979 0.133333333333
4 1.69574253417 0.111111111111
4 1.69574253417 0.111111111111
4 1.74806734855 0.0888888888889
4 1.74806734855 0.0888888888889
4 1.64341771979 0.133333333333
4 1.69574253417 0.111111111111
4 1.49786613678 0.222222222222
4 1.60943791243 0.155555555556
4 1.42057192595 0.272727272727
4 1.54030582523 0.2
4 1.54030582523 0.2
4 1.59416669912 0.163636363636
4 1.64173471219 0.145454545455
4 1.64173471219 0.145454545455
4 1.59416669912 0.163636363636
4 1.67262544615 0.127272727273
4 1.72019345922 0.109090909091
4 1.67262544615 0.127272727273
4 1.72019345922 0.109090909091
4 1.76776147229 0.0909090909091
4 1.72019345922 0.109090909091
4 1.76776147229 0.0909090909091
4 1.42057192595 0.272727272727
4 1.34979239617 0.318181818182
4 1.47350238508 0.242424242424
4 1.53965444744 0.19696969697
4 1.58325845942 0.181818181818
4 1.58325845942 0.181818181818
4 1.56071040904 0.181818181818
4 1.63263092715 0.151515151515
4 1.63263092715 0.151515151515
4 1.67623493913 0.136363636364
4 1.67623493913 0.136363636364
4 1.67623493913 0.136363636364
4 1.66094743329 0.136363636364
4 1.70455144527 0.121212121212
4 1.70455144527 0.121212121212
4 1.74815545725 0.106060606061
4 1.70455144527 0.121212121212
4 1.74815545725 0.106060606061
4 1.53965444744 0.19696969697
4 1.53965444744 0.19696969697
4 1.79175946923 0.0909090909091
4 1.58325845942 0.181818181818
4 1.47350238508 0.242424242424
4 1.58325845942 0.181818181818
4 1.28529302412 0.358974358974
4 1.41051355711 0.282051282051
4 1.41051355711 0.282051282051
4 1.48445753582 0.230769230769
4 1.52470739303 0.217948717949
4 1.52470739303 0.217948717949
4 1.48445753582 0.230769230769
4 1.51938266464 0.205128205128
4 1.58577083521 0.179487179487
4 1.62602069242 0.166666666667
4 1.58577083521 0.179487179487
4 1.62602069242 0.166666666667
4 1.51938266464 0.205128205128
4 1.60520710746 0.166666666667
4 1.60520710746 0.166666666667
4 1.63134542081 0.153846153846
4 1.67159527802 0.141025641026
4 1.67159527802 0.141025641026
4 1.63134542081 0.153846153846
4 1.71184513523 0.128205128205
4 1.60520710746 0.166666666667
4 1.51938266464 0.205128205128
4 1.69773359137 0.128205128205
4 1.73798344859 0.115384615385
4 1.69773359137 0.128205128205
4 1.7782333058 0.102564102564
4 1.69773359137 0.128205128205
4 1.71184513523 0.128205128205
4 1.73798344859 0.115384615385
4 1.52470739303 0.217948717949
4 1.41051355711 0.282051282051
4 1.28529302412 0.358974358974
4 1.22655581561 0.395604395604
4 1.35178399429 0.318681318681
4 1.35178399429 0.318681318681
4 1.43068533609 0.263736263736
4 1.4680602035 0.252747252747
4 1.43068533609 0.263736263736
4 1.4680602035 0.252747252747
4 1.47507631105 0.230769230769
4 1.53672246944 0.208791208791
4 1.57409733685 0.197802197802
4 1.57409733685 0.197802197802
4 1.53672246944 0.208791208791
4 1.48945882073 0.21978021978
4 1.5691529462 0.186813186813
4 1.59342423717 0.175824175824
4 1.63079910459 0.164835164835
4 1.59342423717 0.175824175824
4 1.63079910459 0.164835164835
4 1.668173972 0.153846153846
4 1.48945882073 0.21978021978
4 1.5691529462 0.186813186813
4 1.59342423717 0.175824175824
4 1.63079910459 0.164835164835
4 1.668173972 0.153846153846
4 1.61147220426 0.164835164835
4 1.64884707167 0.153846153846
4 1.61147220426 0.164835164835
4 1.64884707167 0.153846153846
4 1.67311836264 0.142857142857
4 1.67311836264 0.142857142857
4 1.71049323006 0.131868131868
4 1.71049323006 0.131868131868
4 1.74786809747 0.120879120879
4 1.71049323006 0.131868131868
4 1.67311836264 0.142857142857
4 1.69738965361 0.131868131868
4 1.73476452103 0.120879120879
4 1.69738965361 0.131868131868
4 1.73476452103 0.120879120879
4 1.77213938844 0.10989010989
4 1.69738965361 0.131868131868
4 1.73476452103 0.120879120879
4 1.77213938844 0.10989010989
4 1.73476452103 0.120879120879
4 1.77213938844 0.10989010989
4 1.668173972 0.153846153846
4 1.47507631105 0.230769230769
4 1.53672246944 0.208791208791
4 1.5691529462 0.186813186813
4 1.17299347244 0.428571428571
4 1.29729583063 0.352380952381
4 1.37929225447 0.295238095238
4 1.41417546406 0.285714285714
4 1.41417546406 0.285714285714
4 1.43028030191 0.257142857143
4 1.4878167164 0.238095238095
4 1.52269992599 0.228571428571
4 1.45486710927 0.238095238095
4 1.52924829304 0.209523809524
4 1.55190149794 0.2
4 1.58678470753 0.190476190476
4 1.62166791711 0.180952380952
4 1.45486710927 0.238095238095
4 1.54267196874 0.2
4 1.58216994293 0.180952380952
4 1.61705315251 0.171428571429
4 1.63970635742 0.161904761905
4 1.674589567 0.152380952381
4 1.70947277658 0.142857142857
4 1.59901471221 0.171428571429
4 1.6565511267 0.152380952381
4 1.69143433628 0.142857142857
4 1.58216994293 0.180952380952
4 1.6792043316 0.142857142857
4 1.71408754119 0.133333333333
4 1.74897075077 0.12380952381
4 1.52924829304 0.209523809524
4 1.61705315251 0.171428571429
4 1.6792043316 0.142857142857
4 1.71408754119 0.133333333333
4 1.73674074609 0.12380952381
4 1.77162395568 0.114285714286
4 1.55190149794 0.2
4 1.63970635742 0.161904761905
4 1.74897075077 0.12380952381
4 1.6565511267 0.152380952381
4 1.674589567 0.152380952381
4 1.73674074609 0.12380952381
4 1.58678470753 0.190476190476
4 1.674589567 0.152380952381
4 1.69143433628 0.142857142857
4 1.52269992599 0.228571428571
4 1.62166791711 0.180952380952
4 1.70947277658 0.142857142857
4 1.12403572219 0.458333333333
4 1.24682964155 0.383333333333
4 1.33066009336 0.325
4 1.36336310235 0.316666666667
4 1.38629436112 0.283333333333
4 1.4402347497 0.266666666667
4 1.47293775869 0.258333333333
4 1.41830368439 0.258333333333
4 1.48803604418 0.233333333333
4 1.50927342378 0.225
4 1.54197643276 0.216666666667
4 1.57467944175 0.208333333333
4 1.42876912032 0.25
4 1.51108617607 0.216666666667
4 1.54811552687 0.2
4 1.58081853586 0.191666666667
4 1.60205591546 0.183333333333
4 1.63475892444 0.175
4 1.51108617607 0.216666666667
4 1.66746193343 0.166666666667
4 1.42876912032 0.25
4 1.56070022284 0.191666666667
4 1.59340323183 0.183333333333
4 1.57649219404 0.183333333333
4 1.63043258263 0.166666666667
4 1.66313559161 0.158333333333
4 1.56070022284 0.191666666667
4 1.65166996223 0.158333333333
4 1.68437297121 0.15
4 1.7170759802 0.141666666667
4 1.59340323183 0.183333333333
4 1.64622455383 0.158333333333
4 1.66746193343 0.15
4 1.70016494241 0.141666666667
4 1.7328679514 0.133333333333
4 1.57649219404 0.183333333333
4 1.72140232201 0.133333333333
4 1.754105331 0.125
4 1.63043258263 0.166666666667
4 1.48803604418 0.233333333333
4 1.66313559161 0.158333333333
4 1.58081853586 0.191666666667
4 1.50927342378 0.225
4 1.65166996223 0.158333333333
4 1.74263970161 0.125
4 1.7753427106 0.116666666667
4 1.60205591546 0.183333333333
4 1.68437297121 0.15
4 1.54197643276 0.216666666667
4 1.7170759802 0.141666666667
4 1.63475892444 0.175
4 1.33066009336 0.325
4 1.36336310235 0.316666666667
4 1.57467944175 0.208333333333
4 1.66746193343 0.166666666667
4 1.24682964155 0.383333333333
4 1.07916159126 0.485294117647
4 1.20008732277 0.411764705882
4 1.20008732277 0.411764705882
4 1.28487876782 0.352941176471
4 1.3156580704 0.345588235294
4 1.3156580704 0.345588235294
4 1.28487876782 0.352941176471
4 1.34378989461 0.308823529412
4 1.39455731917 0.294117647059
4 1.39455731917 0.294117647059
4 1.42533662174 0.286764705882
4 1.42533662174 0.286764705882
4 1.34378989461 0.308823529412
4 1.34378989461 0.308823529412
4 1.38128852667 0.279411764706
4 1.44691898294 0.257352941176
4 1.44691898294 0.257352941176
4 1.46690710491 0.25
4 1.49768640749 0.242647058824
4 1.46690710491 0.25
4 1.49768640749 0.242647058824
4 1.49768640749 0.242647058824
4 1.52846571006 0.235294117647
4 1.52846571006 0.235294117647
4 1.44691898294 0.257352941176
4 1.38128852667 0.279411764706
4 1.39957052884 0.264705882353
4 1.47704540484 0.235294117647
4 1.47704540484 0.235294117647
4 1.51189655853 0.220588235294
4 1.54267586111 0.213235294118
4 1.51189655853 0.220588235294
4 1.54267586111 0.213235294118
4 1.56266398308 0.205882352941
4 1.59344328566 0.198529411765
4 1.56266398308 0.205882352941
4 1.62422258823 0.191176470588
4 1.59344328566 0.198529411765
4 1.51189655853 0.220588235294
4 1.39957052884 0.264705882353
4 1.48689522689 0.227941176471
4 1.48689522689 0.227941176471
4 1.53359080032 0.205882352941
4 1.56437010289 0.198529411765
4 1.53359080032 0.205882352941
4 1.56437010289 0.198529411765
4 1.54845383204 0.198529411765
4 1.59922125659 0.183823529412
4 1.63000055916 0.176470588235
4 1.54845383204 0.198529411765
4 1.59922125659 0.183823529412
4 1.61920937856 0.176470588235
4 1.64998868114 0.169117647059
4 1.68076798371 0.161764705882
4 1.61920937856 0.176470588235
4 1.64998868114 0.169117647059
4 1.53359080032 0.205882352941
4 1.56029825177 0.191176470588
4 1.61106567632 0.176470588235
4 1.6418449789 0.169117647059
4 1.56029825177 0.191176470588
4 1.61106567632 0.176470588235
4 1.62592870804 0.169117647059
4 1.64591683002 0.161764705882
4 1.67669613259 0.154411764706
4 1.70747543517 0.147058823529
4 1.62592870804 0.169117647059
4 1.64591683002 0.161764705882
4 1.69668425457 0.147058823529
4 1.72746355714 0.139705882353
4 1.69668425457 0.147058823529
4 1.67669613259 0.154411764706
4 1.38128852667 0.279411764706
4 1.66077986174 0.154411764706
4 1.69155916431 0.147058823529
4 1.71154728629 0.139705882353
4 1.71154728629 0.139705882353
4 1.74232658886 0.132352941176
4 1.66077986174 0.154411764706
4 1.62592870804 0.169117647059
4 1.69155916431 0.147058823529
4 1.74232658886 0.132352941176
4 1.73153540826 0.132352941176
4 1.76231471084 0.125
4 1.71154728629 0.139705882353
4 1.73153540826 0.132352941176
4 1.66077986174 0.154411764706
4 1.54267586111 0.213235294118
4 1.63000055916 0.176470588235
4 1.67669613259 0.154411764706
4 1.70747543517 0.147058823529
4 1.76231471084 0.125
4 1.78230283281 0.117647058824
4 1.42533662174 0.286764705882
4 1.59344328566 0.198529411765
4 1.62422258823 0.191176470588
4 1.64998868114 0.169117647059
4 1.68076798371 0.161764705882
4 1.72746355714 0.139705882353
4 1.6418449789 0.169117647059
4 1.07916159126 0.485294117647
5 1.94591014906 0.0
5 1.90615474654 0.0357142857143
5 1.83102048111 0.0833333333333
5 1.88915916375 0.0555555555556
5 1.83102048111 0.0833333333333
5 1.88915916375 0.0555555555556
5 1.74806734855 0.133333333333
5 1.83437197028 0.0888888888889
5 1.88669678466 0.0666666666667
5 1.88669678466 0.0666666666667
5 1.83437197028 0.0888888888889
5 1.88669678466 0.0666666666667
5 1.66633258533 0.181818181818
5 1.76776147229 0.127272727273
5 1.79865220625 0.109090909091
5 1.84622021932 0.0909090909091
5 1.79865220625 0.109090909091
5 1.84622021932 0.0909090909091
5 1.89378823239 0.0727272727273
5 1.89378823239 0.0727272727273
5 1.76776147229 0.127272727273
5 1.58902691517 0.227272727273
5 1.69878298951 0.166666666667
5 1.74815545725 0.136363636364
5 1.79175946923 0.121212121212
5 1.79175946923 0.121212121212
5 1.82007597536 0.106060606061
5 1.82007597536 0.106060606061
5 1.86367998734 0.0909090909091
5 1.86367998734 0.0909090909091
5 1.90728399932 0.0757575757576
5 1.86367998734 0.0909090909091
5 1.69878298951 0.166666666667
5 1.69878298951 0.166666666667
5 1.90728399932 0.0757575757576
5 1.51715158489 0.269230769231
5 1.63134542081 0.205128205128
5 1.63134542081 0.205128205128
5 1.69240886299 0.166666666667
5 1.7326587202 0.153846153846
5 1.7326587202 0.153846153846
5 1.69240886299 0.166666666667
5 1.71184513523 0.153846153846
5 1.7782333058 0.128205128205
5 1.7782333058 0.128205128205
5 1.81848316301 0.115384615385
5 1.81848316301 0.115384615385
5 1.71184513523 0.153846153846
5 1.7782333058 0.128205128205
5 1.80437161915 0.115384615385
5 1.84462147637 0.102564102564
5 1.80437161915 0.115384615385
5 1.88487133358 0.0897435897436
5 1.84462147637 0.102564102564
5 1.88487133358 0.0897435897436
5 1.80437161915 0.115384615385
5 1.92512119079 0.0769230769231
5 1.92512119079 0.0769230769231
5 1.7326587202 0.153846153846
5 1.81848316301 0.115384615385
5 1.84462147637 0.102564102564
5 1.63134542081 0.205128205128
5 1.51715158489 0.269230769231
5 1.69240886299 0.166666666667
5 1.45080502008 0.307692307692
5 1.56708122929 0.241758241758
5 1.56708122929 0.241758241758
5 1.63574349523 0.197802197802
5 1.67311836264 0.186813186813
5 1.67311836264 0.186813186813
5 1.63574349523 0.197802197802
5 1.668173972 0.175824175824
5 1.72982013038 0.153846153846
5 1.76719499779 0.142857142857
5 1.72982013038 0.153846153846
5 1.668173972 0.175824175824
5 1.72982013038 0.153846153846
5 1.76719499779 0.142857142857
5 1.74786809747 0.142857142857
5 1.74786809747 0.142857142857
5 1.77213938844 0.131868131868
5 1.80951425585 0.120879120879
5 1.77213938844 0.131868131868
5 1.84688912326 0.10989010989
5 1.80951425585 0.120879120879
5 1.80951425585 0.120879120879
5 1.84688912326 0.10989010989
5 1.77213938844 0.131868131868
5 1.83378554682 0.10989010989
5 1.83378554682 0.10989010989
5 1.87116041423 0.0989010989011
5 1.87116041423 0.0989010989011
5 1.90853528164 0.0879120879121
5 1.83378554682 0.10989010989
5 1.83378554682 0.10989010989
5 1.87116041423 0.0989010989011
5 1.90853528164 0.0879120879121
5 1.87116041423 0.0989010989011
5 1.90853528164 0.0879120879121
5 1.94591014906 0.0769230769231
5 1.76719499779 0.142857142857
5 1.67311836264 0.186813186813
5 1.63574349523 0.197802197802
5 1.668173972 0.175824175824
5 1.72982013038 0.153846153846
5 1.74786809747 0.142857142857
5 1.80951425585 0.120879120879
5 1.76719499779 0.142857142857
5 1.3897154547 0.342857142857
5 1.50659508813 0.27619047619
5 1.58023634048 0.228571428571
5 1.61511955006 0.219047619048
5 1.62166791711 0.2
5 1.6792043316 0.180952380952
5 1.71408754119 0.171428571429
5 1.62166791711 0.2
5 1.6792043316 0.180952380952
5 1.63509159281 0.190476190476
5 1.70947277658 0.161904761905
5 1.73212598149 0.152380952381
5 1.76700919107 0.142857142857
5 1.80189240066 0.133333333333
5 1.63509159281 0.190476190476
5 1.70947277658 0.161904761905
5 1.73212598149 0.152380952381
5 1.74897075077 0.142857142857
5 1.78385396036 0.133333333333
5 1.80650716526 0.12380952381
5 1.84139037485 0.114285714286
5 1.87627358443 0.104761904762
5 1.80650716526 0.12380952381
5 1.82916037017 0.114285714286
5 1.86404357975 0.104761904762
5 1.89892678934 0.0952380952381
5 1.82916037017 0.114285714286
5 1.86404357975 0.104761904762
5 1.84139037485 0.114285714286
5 1.93380999892 0.0857142857143
5 1.76700919107 0.142857142857
5 1.89892678934 0.0952380952381
5 1.87627358443 0.104761904762
5 1.78385396036 0.133333333333
5 1.80189240066 0.133333333333
5 1.71408754119 0.171428571429
5 1.80189240066 0.133333333333
5 1.33347303912 0.375
5 1.45000649992 0.308333333333
5 1.52687814727 0.258333333333
5 1.55958115626 0.25
5 1.57467944175 0.225
5 1.62861983033 0.208333333333
5 1.66132283932 0.2
5 1.59772957364 0.208333333333
5 1.66746193343 0.183333333333
5 1.68869931303 0.175
5 1.72140232201 0.166666666667
5 1.754105331 0.158333333333
5 1.6800466294 0.175
5 1.7170759802 0.158333333333
5 1.74977898918 0.15
5 1.77101636878 0.141666666667
5 1.80371937777 0.133333333333
5 1.6800466294 0.175
5 1.83642238675 0.125
5 1.7328679514 0.15
5 1.78680833998 0.133333333333
5 1.81951134897 0.125
5 1.80804571958 0.125
5 1.84074872857 0.116666666667
5 1.87345173755 0.108333333333
5 1.7170759802 0.158333333333
5 1.74977898918 0.15
5 1.90615474654 0.1
5 1.66746193343 0.183333333333
5 1.57467944175 0.225
5 1.86198610817 0.108333333333
5 1.89468911715 0.1
5 1.92739212614 0.0916666666667
5 1.77101636878 0.141666666667
5 1.62861983033 0.208333333333
5 1.80371937777 0.133333333333
5 1.72140232201 0.166666666667
5 1.66132283932 0.2
5 1.754105331 0.158333333333
5 1.83642238675 0.125
5 1.45000649992 0.308333333333
5 1.33347303912 0.375
5 1.28163404989 0.404411764706
5 1.39720479752 0.338235294118
5 1.39720479752 0.338235294118
5 1.47610404629 0.286764705882
5 1.50688334886 0.279411764706
5 1.50688334886 0.279411764706
5 1.47610404629 0.286764705882
5 1.50688334886 0.279411764706
5 1.52846571006 0.25
5 1.57923313461 0.235294117647
5 1.57923313461 0.235294117647
5 1.61001243719 0.227941176471
5 1.61001243719 0.227941176471
5 1.61001243719 0.227941176471
5 1.52846571006 0.25
5 1.55859213196 0.227941176471
5 1.62422258823 0.205882352941
5 1.62422258823 0.205882352941
5 1.64421071021 0.198529411765
5 1.67499001278 0.191176470588
5 1.64421071021 0.198529411765
5 1.67499001278 0.191176470588
5 1.70576931536 0.183823529412
5 1.70576931536 0.183823529412
5 1.64421071021 0.198529411765
5 1.67499001278 0.191176470588
5 1.55859213196 0.227941176471
5 1.62422258823 0.205882352941
5 1.56844195401 0.220588235294
5 1.64591683002 0.191176470588
5 1.64591683002 0.191176470588
5 1.68076798371 0.176470588235
5 1.71154728629 0.169117647059
5 1.68076798371 0.176470588235
5 1.71154728629 0.169117647059
5 1.73153540826 0.161764705882
5 1.76231471084 0.154411764706
5 1.73153540826 0.161764705882
5 1.76231471084 0.154411764706
5 1.79309401341 0.147058823529
5 1.68076798371 0.176470588235
5 1.73153540826 0.161764705882
5 1.56844195401 0.220588235294
5 1.64591683002 0.191176470588
5 1.69261240345 0.169117647059
5 1.72339170602 0.161764705882
5 1.69261240345 0.169117647059
5 1.72339170602 0.161764705882
5 1.70747543517 0.161764705882
5 1.75824285972 0.147058823529
5 1.78902216229 0.139705882353
5 1.70747543517 0.161764705882
5 1.75824285972 0.147058823529
5 1.78902216229 0.139705882353
5 1.77823098169 0.139705882353
5 1.80901028427 0.132352941176
5 1.83978958684 0.125
5 1.77823098169 0.139705882353
5 1.80901028427 0.132352941176
5 1.87056888942 0.117647058824
5 1.83978958684 0.125
5 1.69261240345 0.169117647059
5 1.75824285972 0.147058823529
5 1.77823098169 0.139705882353
5 1.70747543517 0.161764705882
5 1.77310589144 0.139705882353
5 1.79309401341 0.132352941176
5 1.82387331599 0.125
5 1.82387331599 0.125
5 1.85465261856 0.117647058824
5 1.77310589144 0.139705882353
5 1.85465261856 0.117647058824
5 1.84386143796 0.117647058824
5 1.87464074054 0.110294117647
5 1.90542004311 0.102941176471
5 1.79309401341 0.132352941176
5 1.84386143796 0.117647058824
5 1.87464074054 0.110294117647
5 1.82387331599 0.125
5 1.71154728629 0.169117647059
5 1.78902216229 0.139705882353
5 1.84386143796 0.117647058824
5 1.87464074054 0.110294117647
5 1.90542004311 0.102941176471
5 1.77310589144 0.139705882353
5 1.86384955994 0.110294117647
5 1.89462886251 0.102941176471
5 1.92540816509 0.0955882352941
5 1.86384955994 0.110294117647
5 1.89462886251 0.102941176471
5 1.57923313461 0.235294117647
5 1.67499001278 0.191176470588
5 1.70576931536 0.183823529412
5 1.76231471084 0.154411764706
5 1.79309401341 0.147058823529
5 1.80901028427 0.132352941176
5 1.83978958684 0.125
5 1.87056888942 0.117647058824
5 1.92540816509 0.0955882352941
5 1.52846571006 0.25
6 2.07944154168 0.0
6 2.04319187055 0.0277777777778
6 1.97300140639 0.0666666666667
6 2.02532622077 0.0444444444444
6 1.97300140639 0.0666666666667
6 2.02532622077 0.0444444444444
6 1.89378823239 0.109090909091
6 1.97224697942 0.0727272727273
6 1.97224697942 0.0727272727273
6 2.01981499249 0.0545454545455
6 2.01981499249 0.0545454545455
6 1.89378823239 0.109090909091
6 1.97224697942 0.0727272727273
6 1.81430751961 0.151515151515
6 1.90728399932 0.106060606061
6 1.93560050545 0.0909090909091
6 1.97920451743 0.0757575757576
6 1.97920451743 0.0757575757576
6 2.02280852941 0.0606060606061
6 2.02280852941 0.0606060606061
6 1.81430751961 0.151515151515
6 1.81430751961 0.151515151515
6 1.73798344859 0.192307692308
6 1.83929674798 0.141025641026
6 1.83929674798 0.141025641026
6 1.88487133358 0.115384615385
6 1.92512119079 0.102564102564
6 1.92512119079 0.102564102564
6 1.88487133358 0.115384615385
6 1.88487133358 0.115384615385
6 1.92512119079 0.102564102564
6 1.95125950414 0.0897435897436
6 1.99150936136 0.0769230769231
6 1.95125950414 0.0897435897436
6 1.99150936136 0.0769230769231
6 2.03175921857 0.0641025641026
6 1.99150936136 0.0769230769231
6 1.83929674798 0.141025641026
6 1.95125950414 0.0897435897436
6 1.73798344859 0.192307692308
6 1.66610225509 0.230769230769
6 1.77213938844 0.175824175824
6 1.82884115617 0.142857142857
6 1.86621602359 0.131868131868
6 1.82884115617 0.142857142857
6 1.86621602359 0.131868131868
6 1.84688912326 0.131868131868
6 1.90853528164 0.10989010989
6 1.94591014906 0.0989010989011
6 1.94591014906 0.0989010989011
6 1.90853528164 0.10989010989
6 1.93280657261 0.0989010989011
6 1.97018144003 0.0879120879121
6 1.93280657261 0.0989010989011
6 1.97018144003 0.0879120879121
6 2.00755630744 0.0769230769231
6 2.00755630744 0.0769230769231
6 1.97018144003 0.0879120879121
6 1.93280657261 0.0989010989011
6 2.04493117485 0.0659340659341
6 2.04493117485 0.0659340659341
6 1.77213938844 0.175824175824
6 1.82884115617 0.142857142857
6 1.86621602359 0.131868131868
6 1.84688912326 0.131868131868
6 1.90853528164 0.10989010989
6 1.94591014906 0.0989010989011
6 1.97018144003 0.0879120879121
6 1.59901471221 0.266666666667
6 1.70753917414 0.209523809524
6 1.77162395568 0.171428571429
6 1.80650716526 0.161904761905
6 1.77162395568 0.171428571429
6 1.80650716526 0.161904761905
6 1.80189240066 0.152380952381
6 1.85942881515 0.133333333333
6 1.89431202473 0.12380952381
6 1.80189240066 0.152380952381
6 1.85942881515 0.133333333333
6 1.89431202473 0.12380952381
6 1.87627358443 0.12380952381
6 1.89892678934 0.114285714286
6 1.93380999892 0.104761904762
6 1.9686932085 0.0952380952381
6 1.89892678934 0.114285714286
6 1.95646320383 0.0952380952381
6 1.99134641341 0.0857142857143
6 1.95646320383 0.0952380952381
6 1.99134641341 0.0857142857143
6 1.93380999892 0.104761904762
6 2.026229623 0.0761904761905
6 2.026229623 0.0761904761905
6 1.9686932085 0.0952380952381
6 2.06111283258 0.0666666666667
6 1.53664989749 0.3
6 1.64622455383 0.241666666667
6 1.7152632279 0.2
6 1.74796623689 0.191666666667
6 1.754105331 0.175
6 1.80804571958 0.158333333333
6 1.84074872857 0.15
6 1.76669002697 0.166666666667
6 1.83642238675 0.141666666667
6 1.85765976635 0.133333333333
6 1.89036277534 0.125
6 1.92306578432 0.116666666667
6 1.76669002697 0.166666666667
6 1.87345173755 0.125
6 1.90615474654 0.116666666667
6 1.92739212614 0.108333333333
6 1.96009513512 0.1
6 1.99279814411 0.0916666666667
6 1.83642238675 0.141666666667
6 1.94862950574 0.1
6 1.98133251472 0.0916666666667
6 2.01403552371 0.0833333333333
6 1.85765976635 0.133333333333
6 1.89036277534 0.125
6 2.04673853269 0.075
6 1.80804571958 0.158333333333
6 1.7152632279 0.2
6 1.74796623689 0.191666666667
6 1.84074872857 0.15
6 1.92306578432 0.116666666667
6 2.07944154168 0.0666666666667
6 1.53664989749 0.3
6 1.47875152465 0.330882352941
6 1.58843007599 0.272058823529
6 1.58843007599 0.272058823529
6 1.66077986174 0.227941176471
6 1.69155916431 0.220588235294
6 1.69155916431 0.220588235294
6 1.69155916431 0.220588235294
6 1.70576931536 0.198529411765
6 1.75653673991 0.183823529412
6 1.75653673991 0.183823529412
6 1.78731604248 0.176470588235
6 1.78731604248 0.176470588235
6 1.70576931536 0.198529411765
6 1.75653673991 0.183823529412
6 1.70576931536 0.198529411765
6 1.78731604248 0.176470588235
6 1.72746355714 0.183823529412
6 1.79309401341 0.161764705882
6 1.79309401341 0.161764705882
6 1.81308213539 0.154411764706
6 1.84386143796 0.147058823529
6 1.81308213539 0.154411764706
6 1.84386143796 0.147058823529
6 1.87464074054 0.139705882353
6 1.87464074054 0.139705882353
6 1.81308213539 0.154411764706
6 1.84386143796 0.147058823529
6 1.72746355714 0.183823529412
6 1.79309401341 0.161764705882
6 1.80493843315 0.154411764706
6 1.80493843315 0.154411764706
6 1.83978958684 0.139705882353
6 1.87056888942 0.132352941176
6 1.83978958684 0.139705882353
6 1.87056888942 0.132352941176
6 1.89055701139 0.125
6 1.92133631397 0.117647058824
6 1.89055701139 0.125
6 1.92133631397 0.117647058824
6 1.95211561654 0.110294117647
6 1.95211561654 0.110294117647
6 1.83978958684 0.139705882353
6 1.89055701139 0.125
6 1.92133631397 0.117647058824
6 1.80493843315 0.154411764706
6 1.87056888942 0.132352941176
6 1.85465261856 0.132352941176
6 1.90542004311 0.117647058824
6 1.90542004311 0.117647058824
6 1.93619934568 0.110294117647
6 1.85465261856 0.132352941176
6 1.93619934568 0.110294117647
6 1.92540816509 0.110294117647
6 1.95618746766 0.102941176471
6 1.98696677023 0.0955882352941
6 1.92540816509 0.110294117647
6 1.95618746766 0.102941176471
6 1.90542004311 0.117647058824
6 1.98696677023 0.0955882352941
6 1.87056888942 0.132352941176
6 1.95618746766 0.102941176471
6 1.98696677023 0.0955882352941
6 2.01774607281 0.0882352941176
6 1.93619934568 0.110294117647
6 1.85465261856 0.132352941176
6 1.97617558964 0.0955882352941
6 2.00695489221 0.0882352941176
6 2.03773419479 0.0808823529412
6 1.97617558964 0.0955882352941
6 2.00695489221 0.0882352941176
6 2.06851349736 0.0735294117647
6 1.66077986174 0.227941176471
6 1.90542004311 0.117647058824
6 1.92540816509 0.110294117647
6 1.78731604248 0.176470588235
6 1.84386143796 0.147058823529
6 1.87464074054 0.139705882353
6 1.92133631397 0.117647058824
6 1.95211561654 0.110294117647
6 2.03773419479 0.0808823529412
6 2.00695489221 0.0882352941176
6 2.06851349736 0.0735294117647
6 1.69155916431 0.220588235294
6 1.85465261856 0.132352941176
6 1.58843007599 0.272058823529
6 1.66077986174 0.227941176471
6 1.47875152465 0.330882352941
7 2.19722457734 0.0
7 2.16395565688 0.0222222222222
7 2.09827373953 0.0545454545455
7 2.14584175259 0.0363636363636
7 2.14584175259 0.0363636363636
7 2.02280852941 0.0909090909091
7 2.09472904753 0.0606060606061
7 2.13833305951 0.0454545454545
7 2.09472904753 0.0606060606061
7 2.13833305951 0.0454545454545
7 1.94593477576 0.128205128205
7 2.03175921857 0.0897435897436
7 2.03175921857 0.0897435897436
7 2.05789753192 0.0769230769231
7 2.09814738914 0.0641025641026
7 2.09814738914 0.0641025641026
7 2.05789753192 0.0769230769231
7 2.13839724635 0.0512820512821
7 2.13839724635 0.0512820512821
7 1.94593477576 0.128205128205
7 1.87116041423 0.164835164835
7 1.96523704938 0.120879120879
7 1.96523704938 0.120879120879
7 2.00755630744 0.0989010989011
7 2.04493117485 0.0879120879121
7 2.06920246582 0.0769230769231
7 2.10657733323 0.0659340659341
7 2.06920246582 0.0769230769231
7 2.10657733323 0.0659340659341
7 2.14395220064 0.0549450549451
7 2.14395220064 0.0549450549451
7 1.87116041423 0.164835164835
7 1.96523704938 0.120879120879
7 2.04493117485 0.0879120879121
7 2.00755630744 0.0989010989011
7 1.79995879821 0.2
7 1.89892678934 0.152380952381
7 1.89892678934 0.152380952381
7 1.95184843922 0.12380952381
7 1.98673164881 0.114285714286
7 1.95184843922 0.12380952381
7 1.98673164881 0.114285714286
7 1.9686932085 0.114285714286
7 2.026229623 0.0952380952381
7 2.026229623 0.0952380952381
7 2.06111283258 0.0857142857143
7 2.0488828279 0.0857142857143
7 2.08376603749 0.0761904761905
7 2.0488828279 0.0857142857143
7 2.08376603749 0.0761904761905
7 2.11864924707 0.0666666666667
7 2.06111283258 0.0857142857143
7 2.15353245665 0.0571428571429
7 2.15353245665 0.0571428571429
7 1.7328679514 0.233333333333
7 1.83460963446 0.183333333333
7 1.89468911715 0.15
7 1.92739212614 0.141666666667
7 1.92306578432 0.133333333333
7 1.97700617291 0.116666666667
7 2.00970918189 0.108333333333
7 1.99279814411 0.108333333333
7 2.01403552371 0.1
7 2.04673853269 0.0916666666667
7 2.07944154168 0.0833333333333
7 1.92306578432 0.133333333333
7 2.06797591229 0.0833333333333
7 2.10067892128 0.075
7 2.13338193026 0.0666666666667
7 1.97700617291 0.116666666667
7 2.16608493925 0.0583333333333
7 2.00970918189 0.108333333333
7 1.83460963446 0.183333333333
7 1.92739212614 0.141666666667
7 1.66997680311 0.264705882353
7 1.77310589144 0.213235294118
7 1.77310589144 0.213235294118
7 1.83808346703 0.176470588235
7 1.86886276961 0.169117647059
7 1.86886276961 0.169117647059
7 1.83808346703 0.176470588235
7 1.86886276961 0.169117647059
7 1.87464074054 0.154411764706
7 1.92540816509 0.139705882353
7 1.92540816509 0.139705882353
7 1.95618746766 0.132352941176
7 1.95618746766 0.132352941176
7 1.87464074054 0.154411764706
7 1.92540816509 0.139705882353
7 1.87464074054 0.154411764706
7 1.95618746766 0.132352941176
7 1.88648516027 0.147058823529
7 1.95211561654 0.125
7 1.95211561654 0.125
7 1.97210373852 0.117647058824
7 2.00288304109 0.110294117647
7 1.97210373852 0.117647058824
7 2.00288304109 0.110294117647
7 2.03366234367 0.102941176471
7 2.03366234367 0.102941176471
7 1.97210373852 0.117647058824
7 1.88648516027 0.147058823529
7 1.95211561654 0.125
7 1.98696677023 0.110294117647
7 2.01774607281 0.102941176471
7 2.01774607281 0.102941176471
7 2.03773419479 0.0955882352941
7 2.06851349736 0.0882352941176
7 2.03773419479 0.0955882352941
7 1.98696677023 0.110294117647
7 2.06851349736 0.0882352941176
7 2.06851349736 0.0882352941176
7 2.09929279993 0.0808823529412
7 2.09929279993 0.0808823529412
7 2.05772231676 0.0882352941176
7 2.08850161934 0.0808823529412
7 2.08850161934 0.0808823529412
7 2.05772231676 0.0882352941176
7 2.11928092191 0.0735294117647
7 2.11928092191 0.0735294117647
7 2.15006022448 0.0661764705882
7 2.15006022448 0.0661764705882
7 1.98696677023 0.110294117647
7 2.05772231676 0.0882352941176
7 2.08850161934 0.0808823529412
7 1.95618746766 0.132352941176
7 2.03366234367 0.102941176471
7 2.18083952706 0.0588235294118
7 1.77310589144 0.213235294118
7 1.66997680311 0.264705882353
7 1.66997680311 0.264705882353
7 1.83808346703 0.176470588235
7 1.92540816509 0.139705882353
7 1.97210373852 0.117647058824
7 1.98696677023 0.110294117647
7 1.77310589144 0.213235294118
7 1.87464074054 0.154411764706
7 1.88648516027 0.147058823529
8 2.30258509299 0.0
8 2.2718685127 0.0181818181818
8 2.21025357762 0.0454545454545
8 2.2538575896 0.030303030303
8 2.2538575896 0.030303030303
8 2.13839724635 0.0769230769231
8 2.20478541691 0.0512820512821
8 2.24503527413 0.0384615384615
8 2.24503527413 0.0384615384615
8 2.20478541691 0.0512820512821
8 2.06425807517 0.10989010989
8 2.14395220064 0.0769230769231
8 2.14395220064 0.0769230769231
8 2.16822349161 0.0659340659341
8 2.20559835903 0.0549450549451
8 2.20559835903 0.0549450549451
8 2.20559835903 0.0549450549451
8 2.24297322644 0.043956043956
8 2.24297322644 0.043956043956
8 2.24297322644 0.043956043956
8 2.16822349161 0.0659340659341
8 1.99134641341 0.142857142857
8 2.07915127288 0.104761904762
8 2.07915127288 0.104761904762
8 2.11864924707 0.0857142857143
8 2.15353245665 0.0761904761905
8 2.15353245665 0.0761904761905
8 2.17618566156 0.0666666666667
8 2.17618566156 0.0666666666667
8 2.21106887114 0.0571428571429
8 2.21106887114 0.0571428571429
8 2.24595208073 0.047619047619
8 2.24595208073 0.047619047619
8 1.92125303203 0.175
8 2.01403552371 0.133333333333
8 2.06364957048 0.108333333333
8 2.09635257946 0.1
8 2.07944154168 0.1
8 2.13338193026 0.0833333333333
8 2.16608493925 0.075
8 2.15461930986 0.075
8 2.18732231885 0.0666666666667
8 2.22002532783 0.0583333333333
8 2.25272833682 0.05
8 1.92125303203 0.175
8 1.85465261856 0.205882352941
8 1.95040949673 0.161764705882
8 1.95040949673 0.161764705882
8 2.00695489221 0.132352941176
8 2.03773419479 0.125
8 2.00695489221 0.132352941176
8 2.03773419479 0.125
8 2.03366234367 0.117647058824
8 2.08442976822 0.102941176471
8 2.11520907079 0.0955882352941
8 2.11520907079 0.0955882352941
8 2.03366234367 0.117647058824
8 2.08442976822 0.102941176471
8 2.11520907079 0.0955882352941
8 2.09929279993 0.0955882352941
8 2.11928092191 0.0882352941176
8 2.15006022448 0.0808823529412
8 2.15006022448 0.0808823529412
8 2.18083952706 0.0735294117647
8 2.18083952706 0.0735294117647
8 2.09929279993 0.0955882352941
8 2.18083952706 0.0735294117647
8 2.17004834646 0.0735294117647
8 2.17004834646 0.0735294117647
8 2.20082764903 0.0661764705882
8 2.20082764903 0.0661764705882
8 2.23160695161 0.0588235294118
8 2.23160695161 0.0588235294118
8 2.11928092191 0.0882352941176
8 2.15006022448 0.0808823529412
8 2.17004834646 0.0735294117647
8 2.23160695161 0.0588235294118
8 2.26238625418 0.0514705882353
8 2.26238625418 0.0514705882353
8 2.26238625418 0.0514705882353
8 1.85465261856 0.205882352941
8 1.85465261856 0.205882352941
8 1.95040949673 0.161764705882
8 2.03366234367 0.117647058824
9 2.3978952728 0.0
9 2.36938211969 0.0151515151515
9 2.31142344469 0.0384615384615
9 2.3516733019 0.025641025641
9 2.24297322644 0.0659340659341
9 2.30461938482 0.043956043956
9 2.30461938482 0.043956043956
9 2.34199425223 0.032967032967
9 2.34199425223 0.032967032967
9 2.30461938482 0.043956043956
9 2.34199425223 0.032967032967
9 2.24297322644 0.0659340659341
9 2.17157089696 0.0952380952381
9 2.24595208073 0.0666666666667
9 2.26860528563 0.0571428571429
9 2.30348849522 0.047619047619
9 2.3383717048 0.0380952380952
9 2.3383717048 0.0380952380952
9 2.10067892128 0.125
9 2.18299597703 0.0916666666667
9 2.22002532783 0.075
9 2.25272833682 0.0666666666667
9 2.27396571642 0.0583333333333
9 2.27396571642 0.0583333333333
9 2.3066687254 0.05
9 2.3066687254 0.05
9 2.33937173439 0.0416666666667
9 2.33937173439 0.0416666666667
